8419757
27235589
21429536
46193947
23428103
12921901
17521087
35354835
46653166
3022003
25108174
35985349
30974964
29791236
4821396
43783861
33357402
956804
39353144
21429536
7721073
32322644
44510580
42429294
4598968
16348793
43810691
42591869
49469422
23137290
47989312
16455287
11396435
21331700
35415805
29876441
27676529
36792274
22817480
7217887
38671585
43015530
34415719
28795423
46604325
43213945
32552126
17781808
14613963
3959230
26749914
22840281
33406975
6792273
35233335
21368379
42591869
36641335
28705789
34958202
12512804
8504647
11261876
8419757
21160801
10696462
51979105
25108174
25300812
7217887
48513304
13431492
11154065
3876956
24024256
21486316
30974964
24024256
40984354
37827423
50611184
39813618
4854109
18030122
31010263
22751105
30213443
4466577
28778350
4859655
13535410
34762884
32596911
46182202
44510580
35319634
28576832
28791469
18418907
14126437

