50
3
10 42 1 2
49 33 40 52
27 8 85 62
6
36 1 35 4
2 53 37 76
26 41 20 71
50 8 40 23
78 18 7 81
84 68 24 3
17
73 8 55 61
86 88 51 94
6 5 35 50
23 91 37 83
19 100 95 85
2 87 74 4
93 83 87 49
11 72 30 34
93 21 12 31
67 33 4 78
58 9 92 62
93 48 44 49
79 15 33 4
91 94 79 81
86 85 95 53
70 76 70 59
95 0 81 12
14
43 25 50 96
85 17 72 87
29 41 90 49
96 72 68 50
1 38 61 49
82 95 96 47
41 93 84 28
19 78 10 7
84 3 68 44
23 15 55 36
27 84 34 56
9 92 36 65
17 17 56 82
29 14 85 34
4
81 18 93 20
40 51 43 66
93 82 57 76
63 82 66 95
1
26 10 37 25
14
35 9 61 88
88 45 69 13
87 48 8 29
55 21 56 37
29 35 87 85
54 8 1 89
20 68 67 35
44 19 94 88
28 89 51 69
15 86 32 27
64 21 41 59
48 5 49 79
68 10 99 27
69 52 49 76
19
54 2 96 30
0 59 38 7
12 71 79 37
18 93 13 21
21 25 95 42
52 2 50 18
64 81 98 37
74 61 52 52
71 23 46 64
97 35 59 62
60 35 52 82
88 13 12 56
69 66 66 92
75 41 97 59
14 37 56 48
63 16 12 63
46 35 71 54
43 58 21 7
49 95 29 17
16
75 9 99 22
21 8 57 50
70 67 53 65
98 100 49 40
66 53 48 81
78 89 29 4
74 48 66 65
60 39 32 49
65 32 2 32
93 33 100 44
19 79 34 11
100 14 63 78
14 42 78 15
68 41 4 29
63 86 80 73
56 60 62 42
11
89 16 57 23
55 82 80 84
100 35 34 56
67 13 55 90
16 92 10 79
37 50 76 93
81 45 1 44
28 19 4 73
74 59 94 93
80 8 45 81
46 53 96 63
2
29 14 36 45
51 22 29 26
20
9 74 100 9
57 39 87 66
18 34 30 28
33 67 34 48
15 68 66 9
86 9 15 38
9 56 16 67
27 51 47 94
57 23 79 81
49 49 79 19
4 95 1 45
4 77 88 9
27 40 69 36
28 14 21 2
51 28 4 96
93 88 56 46
56 36 43 72
61 95 2 5
38 82 45 93
50 19 84 10
6
55 31 18 12
57 9 21 34
12 41 44 51
7 91 11 21
16 22 42 69
56 33 81 8
9
0 20 68 27
20 20 53 8
26 43 49 93
71 3 77 74
25 98 81 40
62 95 3 40
47 33 58 79
80 18 39 59
73 2 25 43
15
6 36 23 88
70 32 38 16
59 72 90 47
98 94 25 70
32 28 21 39
79 45 35 53
65 30 29 30
60 94 59 76
81 42 19 62
2 6 54 68
80 100 89 10
80 91 25 55
78 3 95 52
18 26 16 63
92 26 78 57
21
75 88 59 99
78 97 88 12
1 54 45 59
83 44 33 38
19 80 25 10
70 77 62 73
32 34 52 77
73 39 37 54
81 67 66 33
78 84 58 23
21 54 43 46
77 41 25 79
44 47 14 39
30 19 11 95
56 91 73 38
95 58 30 61
81 83 52 90
44 37 94 29
55 77 28 66
40 90 79 64
68 21 89 24
17
90 96 32 71
5 20 47 88
42 12 84 13
38 31 60 84
85 1 76 32
48 86 15 49
77 9 44 10
53 71 26 46
76 81 40 18
63 95 8 29
36 66 1 15
6 27 93 73
12 70 88 75
78 100 48 34
1 15 95 64
39 39 75 37
48 79 33 83
13
91 27 90 78
37 31 79 62
54 85 83 63
84 82 90 60
7 60 41 57
15 62 38 67
25 22 98 4
8 27 72 33
12 98 72 91
22 81 37 40
54 93 54 1
19 54 41 86
4 58 84 46
24
83 50 99 24
95 28 70 66
29 14 96 1
77 31 38 2
60 6 31 8
68 73 86 4
82 40 78 11
48 35 68 49
67 5 73 14
75 69 55 62
58 59 54 71
77 18 32 6
44 82 100 19
90 27 77 90
69 32 91 21
78 49 85 55
75 1 90 37
26 51 35 27
68 73 25 17
90 5 1 76
83 42 35 37
56 53 80 43
19 56 36 6
11 22 83 19
23
72 86 73 35
75 26 94 47
71 72 64 59
77 1 56 42
70 7 98 81
65 18 59 35
4 54 95 10
33 12 14 27
39 63 68 3
77 92 94 44
2 66 60 65
19 50 91 22
57 94 52 53
46 93 19 52
62 5 84 93
98 59 18 51
91 77 74 9
22 37 1 62
30 94 51 50
3 27 72 96
5 39 22 60
85 71 31 13
19 46 64 78
17
96 84 16 12
26 80 59 8
1 66 79 91
7 85 6 54
89 53 3 95
98 90 80 9
53 50 73 15
92 18 51 94
85 92 25 14
98 98 67 67
9 95 2 26
58 31 84 42
82 66 77 90
34 51 85 47
84 50 10 59
52 28 24 81
20 42 94 87
13
58 74 12 50
65 57 5 1
18 66 55 38
35 7 60 25
65 8 73 100
30 66 9 2
7 65 47 70
20 5 1 59
32 55 54 48
65 77 50 87
36 19 5 9
11 17 69 87
1 28 89 87
23
13 88 17 96
86 76 47 13
11 44 7 23
69 67 9 15
29 81 7 43
91 92 41 76
67 73 54 80
51 97 56 75
88 74 1 2
76 82 83 21
64 82 55 68
96 63 59 69
39 35 2 62
82 69 64 79
55 24 31 19
20 27 46 30
16 47 61 80
77 49 25 28
39 49 25 85
34 58 63 72
71 73 59 22
65 75 93 53
56 85 47 2
18
87 7 25 61
31 81 93 53
93 96 52 16
1 21 3 4
4 52 34 36
23 78 93 60
41 0 25 65
38 19 3 88
2 38 81 24
41 84 21 57
63 62 67 12
70 87 96 63
75 64 76 14
10 58 1 100
81 47 10 43
60 33 85 41
1 19 36 4
62 80 38 98
18
28 32 22 4
93 70 52 86
7 60 27 32
17 63 50 31
65 69 43 86
18 6 44 64
31 3 26 42
85 45 84 67
30 22 77 67
97 63 22 73
51 48 41 35
1 22 6 75
85 34 31 46
15 36 49 36
9 23 44 70
84 74 54 45
94 93 84 96
9 25 12 20
18
47 38 90 72
46 100 61 20
51 66 93 5
24 14 77 48
55 100 14 15
7 12 6 3
36 71 21 14
5 100 35 13
45 63 23 32
87 40 11 26
84 99 96 78
54 99 69 81
16 30 60 58
31 64 72 25
72 98 8 52
84 57 69 72
58 95 14 25
47 9 29 35
12
89 21 31 16
44 92 50 79
92 4 97 41
32 93 93 38
52 51 6 45
31 62 91 48
39 53 1 84
3 16 94 34
87 56 28 41
50 21 7 33
46 48 13 45
47 22 97 28
17
87 19 11 11
81 65 95 33
12 79 72 27
11 40 58 3
44 0 70 61
34 1 30 75
97 8 70 77
22 3 74 67
32 52 46 61
34 91 21 5
26 46 75 81
81 41 14 26
8 26 4 36
29 43 77 50
50 26 70 71
90 56 93 72
68 6 6 87
17
0 14 50 64
58 3 68 38
54 7 50 82
62 32 3 6
73 96 85 12
0 99 79 48
66 85 78 25
65 19 95 52
62 35 64 8
88 41 86 50
53 17 10 24
84 90 74 93
78 44 19 100
53 13 56 16
86 64 11 34
8 56 5 96
86 35 61 58
8
14 95 57 73
49 72 26 57
79 50 45 33
58 67 30 98
41 34 66 22
81 10 71 55
74 28 68 66
28 73 67 82
15
89 78 16 56
76 69 70 89
49 48 47 13
32 60 10 11
53 6 91 41
95 61 19 8
14 77 55 99
18 35 53 77
13 87 20 54
84 81 51 21
94 22 55 99
83 37 49 83
96 46 89 4
25 75 97 8
93 75 37 7
13
53 35 88 47
73 99 83 48
91 84 57 61
24 81 9 15
68 11 78 74
44 23 50 52
96 95 86 28
34 75 30 26
91 82 70 81
81 66 52 69
46 78 18 29
96 80 24 11
6 9 71 93
8
30 59 22 88
16 95 17 41
19 90 47 99
49 26 100 53
35 60 57 91
84 99 47 88
93 43 49 97
52 47 71 44
23
94 41 82 73
4 55 80 41
99 84 42 22
49 35 92 54
28 70 67 46
80 0 77 87
22 69 15 15
54 37 41 14
85 99 32 84
59 54 36 33
18 71 9 46
75 56 83 99
20 66 84 31
74 86 85 57
32 40 94 40
12 57 50 97
49 28 54 64
25 65 53 48
67 40 55 35
28 50 97 76
27 54 65 1
74 67 72 78
40 35 16 84
21
98 95 78 58
78 18 69 47
7 92 15 60
77 20 81 17
17 98 77 32
90 70 63 49
19 47 18 98
88 56 68 88
60 8 85 70
72 89 40 14
55 61 12 82
57 79 2 31
47 37 94 39
9 18 68 86
29 33 26 65
9 71 56 36
67 98 44 89
31 15 50 17
43 21 28 11
53 27 89 20
23 99 18 18
7
47 14 63 81
30 77 62 72
87 7 23 44
92 52 34 88
85 100 58 52
51 88 43 11
87 89 20 100
10
19 0 72 59
87 47 66 74
99 24 70 41
55 45 42 96
2 2 51 42
57 13 84 76
98 20 62 18
10 87 44 70
10 37 83 98
71 32 87 73
23
60 19 3 94
21 91 35 88
63 65 16 83
59 39 54 51
68 44 46 60
74 90 51 21
20 91 5 13
87 50 32 69
66 81 81 98
89 78 63 11
32 60 24 32
35 100 79 32
67 15 5 88
66 78 80 73
39 16 15 80
85 76 7 73
26 64 20 74
19 16 11 3
77 78 51 3
68 72 7 97
52 10 7 19
44 1 54 1
7 12 2 65
20
66 97 9 81
94 35 15 73
65 51 99 56
80 5 44 69
65 82 39 86
20 2 25 45
72 29 54 12
52 96 100 82
4 92 19 92
66 7 92 15
61 88 81 73
8 17 12 43
87 60 75 59
99 50 13 22
71 50 74 89
46 71 9 8
26 7 100 83
14 21 91 89
31 68 11 14
80 24 12 73
21
68 79 79 18
58 14 2 10
67 68 75 47
91 12 20 66
47 89 2 10
75 84 76 98
4 60 58 48
49 10 7 73
28 66 35 93
55 14 74 14
12 3 61 91
74 62 32 35
61 78 29 99
65 1 26 7
24 81 42 25
84 30 13 58
29 50 96 3
18 27 41 29
6 49 47 28
7 97 63 31
43 32 8 97
15
8 84 6 27
1 98 83 56
3 35 28 27
94 21 14 93
15 29 81 89
4 47 53 87
35 90 23 54
26 73 24 100
46 40 32 12
77 34 51 61
70 78 36 13
20 18 30 66
70 22 21 12
28 99 64 26
100 32 41 22
1
55 68 25 19
7
97 92 84 62
77 68 78 94
36 43 23 32
25 57 9 64
67 38 57 24
3 48 61 78
7 8 24 21
8
32 39 17 40
67 23 88 32
85 13 19 55
80 84 33 3
38 36 57 19
61 10 95 84
43 9 89 32
57 97 51 64
16
94 16 8 8
68 85 44 23
67 45 49 21
70 11 27 42
1 69 84 71
10 87 40 59
54 74 89 64
66 65 32 43
71 96 18 11
3 94 72 9
35 90 86 32
43 69 73 68
56 51 66 47
55 72 97 38
35 61 43 69
75 33 99 40
6
51 70 48 76
84 11 8 4
10 65 34 86
9 81 95 20
72 80 65 74
23 38 39 93
18
59 72 5 70
59 40 51 63
70 20 6 15
41 77 92 8
35 98 7 80
91 32 14 46
57 24 3 56
39 16 2 52
64 25 30 15
98 30 66 71
3 51 80 10
46 16 62 62
17 92 7 66
17 75 14 50
81 64 21 7
71 71 55 95
57 6 20 90
77 63 99 52
25
52 63 76 97
5 77 29 92
49 30 36 94
52 52 12 79
19 14 66 49
89 16 66 74
93 37 92 96
34 82 88 91
58 28 70 80
66 26 19 95
41 81 17 11
50 85 66 93
91 2 77 59
11 95 60 62
4 23 97 12
20 61 84 7
37 9 63 16
72 42 44 19
36 36 15 84
71 22 11 89
52 79 96 25
27 93 100 34
16 48 57 56
21 91 98 59
12 14 66 80
7
18 24 28 24
9 95 97 57
54 100 88 93
2 69 50 42
35 57 23 68
14 100 50 6
64 7 13 87
12
24 95 100 74
96 15 83 3
17 87 7 45
23 26 35 44
79 25 17 46
55 63 72 39
85 66 98 12
30 69 35 65
97 10 87 97
86 50 24 17
76 30 16 41
65 53 54 10
